142353880
224105570
3680460459
3347128527
2578803958
1112962874
2027243605
3295668794
1479520756
2065582814
725803272
1613093752
4251294469
32309637
3126040854
2818183994
3776608124
2254795432
223224200
2044248332
2849068409
534970983
1083163477
1147065434
3066068900
577094274
2367029022
1292343716
3566037081
3887427861
4290246374
414076202
447803058
2877725155
529849872
648402991
2510865478
2654818302
1063413376
2893378659
3548485165
3637370221
2133404766
736840452
2928995153
1318219929
1466145723
1380326827
39654000
447636139
